(kicad_pcb (version 20171130) (host pcbnew "(5.1.9)-1")

  (general
    (thickness 1.6)
    (drawings 122)
    (tracks 1599)
    (zones 0)
    (modules 81)
    (nets 112)
  )

  (page A4)
  (title_block
    (title SmartNode)
    (date 2021-11-21)
    (rev 1.3)
    (company "Avans Hogeschool")
    (comment 1 "Lectoraat Smart Energy")
  )

  (layers
    (0 F.Cu signal)
    (31 B.Cu signal)
    (32 B.Adhes user)
    (33 F.Adhes user)
    (34 B.Paste user)
    (35 F.Paste user)
    (36 B.SilkS user)
    (37 F.SilkS user)
    (38 B.Mask user)
    (39 F.Mask user)
    (40 Dwgs.User user)
    (41 Cmts.User user)
    (42 Eco1.User user)
    (43 Eco2.User user)
    (44 Edge.Cuts user)
    (45 Margin user)
    (46 B.CrtYd user)
    (47 F.CrtYd user)
    (48 B.Fab user)
    (49 F.Fab user)
  )

  (setup
    (last_trace_width 0.25)
    (user_trace_width 0.5)
    (user_trace_width 0.75)
    (user_trace_width 1)
    (user_trace_width 1.25)
    (user_trace_width 1.5)
    (user_trace_width 1.75)
    (user_trace_width 2)
    (user_trace_width 3)
    (user_trace_width 4)
    (user_trace_width 5)
    (trace_clearance 0.2)
    (zone_clearance 0.508)
    (zone_45_only no)
    (trace_min 0.2)
    (via_size 0.8)
    (via_drill 0.4)
    (via_min_size 0.4)
    (via_min_drill 0.3)
    (user_via 1.6 0.8)
    (user_via 2.3 1.6)
    (uvia_size 0.3)
    (uvia_drill 0.1)
    (uvias_allowed no)
    (uvia_min_size 0.2)
    (uvia_min_drill 0.1)
    (edge_width 0.05)
    (segment_width 0.2)
    (pcb_text_width 0.3)
    (pcb_text_size 1.5 1.5)
    (mod_edge_width 0.12)
    (mod_text_size 1 1)
    (mod_text_width 0.15)
    (pad_size 1.524 1.524)
    (pad_drill 0.762)
    (pad_to_mask_clearance 0.051)
    (solder_mask_min_width 0.25)
    (aux_axis_origin 0 0)
    (visible_elements 7FFFFFFF)
    (pcbplotparams
      (layerselection 0x010fc_ffffffff)
      (usegerberextensions true)
      (usegerberattributes false)
      (usegerberadvancedattributes false)
      (creategerberjobfile false)
      (excludeedgelayer true)
      (linewidth 0.100000)
      (plotframeref false)
      (viasonmask false)
      (mode 1)
      (useauxorigin false)
      (hpglpennumber 1)
      (hpglpenspeed 20)
      (hpglpendiameter 15.000000)
      (psnegative false)
      (psa4output false)
      (plotreference true)
      (plotvalue false)
      (plotinvisibletext false)
      (padsonsilk false)
      (subtractmaskfromsilk true)
      (outputformat 1)
      (mirror false)
      (drillshape 0)
      (scaleselection 1)
      (outputdirectory "SmartSensor v1.3 - gerber/"))
  )

  (net 0 "")
  (net 1 "Net-(C1-Pad1)")
  (net 2 "Net-(C2-Pad1)")
  (net 3 +3V3)
  (net 4 ATM_AREF)
  (net 5 V_USB)
  (net 6 LED_1)
  (net 7 "Net-(D4-Pad2)")
  (net 8 ATM_TXD_0)
  (net 9 ATM_RXD_0)
  (net 10 ATM_JTAG_TDI)
  (net 11 ATM_RESET)
  (net 12 ATM_JTAG_TMS)
  (net 13 ATM_JTAG_TDO)
  (net 14 ATM_JTAG_TCK)
  (net 15 ATM_MOSI)
  (net 16 ATM_SCK)
  (net 17 ATM_MISO)
  (net 18 "Net-(L1-Pad2)")
  (net 19 CO2_WAKE)
  (net 20 CO2_INT)
  (net 21 RTC_MFP)
  (net 22 GND)
  (net 23 "Net-(U2-Pad8)")
  (net 24 "Net-(C9-Pad1)")
  (net 25 "Net-(C11-Pad1)")
  (net 26 "Net-(C18-Pad1)")
  (net 27 V_IN)
  (net 28 "Net-(D3-Pad2)")
  (net 29 SCL)
  (net 30 SDA)
  (net 31 /Interface/V_BAT)
  (net 32 "Net-(J2-Pad2)")
  (net 33 "Net-(J4-Pad5)")
  (net 34 "Net-(J4-Pad4)")
  (net 35 "Net-(J4-Pad1)")
  (net 36 "Net-(J5-Pad8)")
  (net 37 "Net-(J6-Pad3)")
  (net 38 ATM_RXD_1)
  (net 39 ATM_TXD_1)
  (net 40 XBEE_UART_RTS)
  (net 41 "Net-(J8-Pad4)")
  (net 42 XBEE_UART_CTS)
  (net 43 /Communication/RF_IRQ)
  (net 44 XBEE_SPI_SSEL)
  (net 45 XBEE_SLEEP)
  (net 46 /Interface/ADAPTER_IN_USE)
  (net 47 /Interface/ATM_PA0)
  (net 48 /Interface/ATM_PA1)
  (net 49 /Interface/ATM_PA2)
  (net 50 /Interface/ATM_SCK_1)
  (net 51 /Interface/ATM_SDA_1)
  (net 52 /Interface/ATM_SCL_1)
  (net 53 XBEE_AD1)
  (net 54 XBEE_VREF)
  (net 55 /Interface/ATM_MOSI_1_TXD_2)
  (net 56 /Interface/ATM_MISO_1_RXD_2)
  (net 57 XBEE_D18)
  (net 58 XBEE_PWM0)
  (net 59 XBEE_PWM1)
  (net 60 "Net-(L1-Pad1)")
  (net 61 "Net-(IC3-Pad15)")
  (net 62 "Net-(IC3-Pad20)")
  (net 63 "Net-(U2-Pad4)")
  (net 64 "Net-(U3-Pad1)")
  (net 65 "Net-(U3-Pad2)")
  (net 66 "Net-(IC3-Pad8)")
  (net 67 "Net-(IC4-Pad1)")
  (net 68 "Net-(IC4-Pad2)")
  (net 69 "Net-(IC4-Pad3)")
  (net 70 "Net-(IC4-Pad7)")
  (net 71 FROM_XBEE_UART_TX)
  (net 72 FROM_XBEE_UART_RX)
  (net 73 /Interface/ATM_PA3)
  (net 74 /Interface/ATM_PB4)
  (net 75 /Interface/ATM_PB3)
  (net 76 "Net-(S1-Pad3)")
  (net 77 "Net-(S1-Pad1)")
  (net 78 "Net-(S2-Pad2)")
  (net 79 "Net-(S2-Pad4)")
  (net 80 "Net-(S3-Pad2)")
  (net 81 "Net-(S3-Pad4)")
  (net 82 LED_2)
  (net 83 "Net-(D6-Pad2)")
  (net 84 "Net-(U4-Pad25)")
  (net 85 "Net-(U4-Pad26)")
  (net 86 "Net-(U4-Pad32)")
  (net 87 "Net-(D7-Pad2)")
  (net 88 "Net-(D8-Pad2)")
  (net 89 USB_D+)
  (net 90 USB_D-)
  (net 91 "Net-(IC5-Pad4)")
  (net 92 "Net-(IC5-Pad6)")
  (net 93 "Net-(J1-Pad4)")
  (net 94 "Net-(JP2-Pad1)")
  (net 95 "Net-(JP3-Pad1)")
  (net 96 "Net-(R11-Pad2)")
  (net 97 "Net-(R13-Pad1)")
  (net 98 "Net-(U5-Pad1)")
  (net 99 "Net-(U5-Pad10)")
  (net 100 "Net-(U5-Pad11)")
  (net 101 "Net-(U5-Pad12)")
  (net 102 "Net-(U5-Pad13)")
  (net 103 "Net-(U5-Pad14)")
  (net 104 "Net-(U5-Pad15)")
  (net 105 "Net-(U5-Pad16)")
  (net 106 "Net-(U5-Pad17)")
  (net 107 "Net-(U5-Pad18)")
  (net 108 "Net-(U5-Pad19)")
  (net 109 "Net-(U5-Pad22)")
  (net 110 "Net-(U5-Pad23)")
  (net 111 "Net-(U5-Pad24)")

  (net_class Default "This is the default net class."
    (clearance 0.2)
    (trace_width 0.25)
    (via_dia 0.8)
    (via_drill 0.4)
    (uvia_dia 0.3)
    (uvia_drill 0.1)
    (add_net +3V3)
    (add_net /Communication/RF_IRQ)
    (add_net /Interface/ADAPTER_IN_USE)
    (add_net /Interface/ATM_MISO_1_RXD_2)
    (add_net /Interface/ATM_MOSI_1_TXD_2)
    (add_net /Interface/ATM_PA0)
    (add_net /Interface/ATM_PA1)
    (add_net /Interface/ATM_PA2)
    (add_net /Interface/ATM_PA3)
    (add_net /Interface/ATM_PB3)
    (add_net /Interface/ATM_PB4)
    (add_net /Interface/ATM_SCK_1)
    (add_net /Interface/ATM_SCL_1)
    (add_net /Interface/ATM_SDA_1)
    (add_net /Interface/V_BAT)
    (add_net ATM_AREF)
    (add_net ATM_JTAG_TCK)
    (add_net ATM_JTAG_TDI)
    (add_net ATM_JTAG_TDO)
    (add_net ATM_JTAG_TMS)
    (add_net ATM_MISO)
    (add_net ATM_MOSI)
    (add_net ATM_RESET)
    (add_net ATM_RXD_0)
    (add_net ATM_RXD_1)
    (add_net ATM_SCK)
    (add_net ATM_TXD_0)
    (add_net ATM_TXD_1)
    (add_net CO2_INT)
    (add_net CO2_WAKE)
    (add_net FROM_XBEE_UART_RX)
    (add_net FROM_XBEE_UART_TX)
    (add_net GND)
    (add_net LED_1)
    (add_net LED_2)
    (add_net "Net-(C1-Pad1)")
    (add_net "Net-(C11-Pad1)")
    (add_net "Net-(C18-Pad1)")
    (add_net "Net-(C2-Pad1)")
    (add_net "Net-(C9-Pad1)")
    (add_net "Net-(D3-Pad2)")
    (add_net "Net-(D4-Pad2)")
    (add_net "Net-(D6-Pad2)")
    (add_net "Net-(D7-Pad2)")
    (add_net "Net-(D8-Pad2)")
    (add_net "Net-(IC3-Pad15)")
    (add_net "Net-(IC3-Pad20)")
    (add_net "Net-(IC3-Pad8)")
    (add_net "Net-(IC4-Pad1)")
    (add_net "Net-(IC4-Pad2)")
    (add_net "Net-(IC4-Pad3)")
    (add_net "Net-(IC4-Pad7)")
    (add_net "Net-(IC5-Pad4)")
    (add_net "Net-(IC5-Pad6)")
    (add_net "Net-(J1-Pad4)")
    (add_net "Net-(J2-Pad2)")
    (add_net "Net-(J4-Pad1)")
    (add_net "Net-(J4-Pad4)")
    (add_net "Net-(J4-Pad5)")
    (add_net "Net-(J5-Pad8)")
    (add_net "Net-(J6-Pad3)")
    (add_net "Net-(J8-Pad4)")
    (add_net "Net-(JP2-Pad1)")
    (add_net "Net-(JP3-Pad1)")
    (add_net "Net-(L1-Pad1)")
    (add_net "Net-(L1-Pad2)")
    (add_net "Net-(R11-Pad2)")
    (add_net "Net-(R13-Pad1)")
    (add_net "Net-(S1-Pad1)")
    (add_net "Net-(S1-Pad3)")
    (add_net "Net-(S2-Pad2)")
    (add_net "Net-(S2-Pad4)")
    (add_net "Net-(S3-Pad2)")
    (add_net "Net-(S3-Pad4)")
    (add_net "Net-(U2-Pad4)")
    (add_net "Net-(U2-Pad8)")
    (add_net "Net-(U3-Pad1)")
    (add_net "Net-(U3-Pad2)")
    (add_net "Net-(U4-Pad25)")
    (add_net "Net-(U4-Pad26)")
    (add_net "Net-(U4-Pad32)")
    (add_net "Net-(U5-Pad1)")
    (add_net "Net-(U5-Pad10)")
    (add_net "Net-(U5-Pad11)")
    (add_net "Net-(U5-Pad12)")
    (add_net "Net-(U5-Pad13)")
    (add_net "Net-(U5-Pad14)")
    (add_net "Net-(U5-Pad15)")
    (add_net "Net-(U5-Pad16)")
    (add_net "Net-(U5-Pad17)")
    (add_net "Net-(U5-Pad18)")
    (add_net "Net-(U5-Pad19)")
    (add_net "Net-(U5-Pad22)")
    (add_net "Net-(U5-Pad23)")
    (add_net "Net-(U5-Pad24)")
    (add_net RTC_MFP)
    (add_net SCL)
    (add_net SDA)
    (add_net USB_D+)
    (add_net USB_D-)
    (add_net V_IN)
    (add_net V_USB)
    (add_net XBEE_AD1)
    (add_net XBEE_D18)
    (add_net XBEE_PWM0)
    (add_net XBEE_PWM1)
    (add_net XBEE_SLEEP)
    (add_net XBEE_SPI_SSEL)
    (add_net XBEE_UART_CTS)
    (add_net XBEE_UART_RTS)
    (add_net XBEE_VREF)
  )

  (module Package_QFP:TQFP-44_10x10mm_P0.8mm (layer F.Cu) (tedit 5A02F146) (tstamp 6010BBB1)
    (at 199.136 93.726 180)
    (descr "44-Lead Plastic Thin Quad Flatpack (PT) - 10x10x1.0 mm Body [TQFP] (see Microchip Packaging Specification 00000049BS.pdf)")
    (tags "QFP 0.8")
    (path /5F76931A/5F85786B)
    (attr smd)
    (fp_text reference U4 (at 5.842 7.366 180) (layer F.SilkS)
      (effects (font (size 1 1) (thickness 0.15)))
    )
    (fp_text value ATmega324PB-AU (at 0 7.45 180) (layer F.Fab)
      (effects (font (size 1 1) (thickness 0.15)))
    )
    (fp_line (start -5.175 -4.6) (end -6.45 -4.6) (layer F.SilkS) (width 0.15))
    (fp_line (start 5.175 -5.175) (end 4.5 -5.175) (layer F.SilkS) (width 0.15))
    (fp_line (start 5.175 5.175) (end 4.5 5.175) (layer F.SilkS) (width 0.15))
    (fp_line (start -5.175 5.175) (end -4.5 5.175) (layer F.SilkS) (width 0.15))
    (fp_line (start -5.175 -5.175) (end -4.5 -5.175) (layer F.SilkS) (width 0.15))
    (fp_line (start -5.175 5.175) (end -5.175 4.5) (layer F.SilkS) (width 0.15))
    (fp_line (start 5.175 5.175) (end 5.175 4.5) (layer F.SilkS) (width 0.15))
    (fp_line (start 5.175 -5.175) (end 5.175 -4.5) (layer F.SilkS) (width 0.15))
    (fp_line (start -5.175 -5.175) (end -5.175 -4.6) (layer F.SilkS) (width 0.15))
    (fp_line (start -6.7 6.7) (end 6.7 6.7) (layer F.CrtYd) (width 0.05))
    (fp_line (start -6.7 -6.7) (end 6.7 -6.7) (layer F.CrtYd) (width 0.05))
    (fp_line (start 6.7 -6.7) (end 6.7 6.7) (layer F.CrtYd) (width 0.05))
    (fp_line (start -6.7 -6.7) (end -6.7 6.7) (layer F.CrtYd) (width 0.05))
    (fp_line (start -5 -4) (end -4 -5) (layer F.Fab) (width 0.15))
    (fp_line (start -5 5) (end -5 -4) (layer F.Fab) (width 0.15))
    (fp_line (start 5 5) (end -5 5) (layer F.Fab) (width 0.15))
    (fp_line (start 5 -5) (end 5 5) (layer F.Fab) (width 0.15))
    (fp_line (start -4 -5) (end 5 -5) (layer F.Fab) (width 0.15))
    (fp_text user %R (at 0 0 180) (layer F.Fab)
      (effects (font (size 1 1) (thickness 0.15)))
    )
    (pad 1 smd rect (at -5.7 -4 180) (size 1.5 0.55) (layers F.Cu F.Paste F.Mask)
      (net 15 ATM_MOSI))
    (pad 2 smd rect (at -5.7 -3.2 180) (size 1.5 0.55) (layers F.Cu F.Paste F.Mask)
      (net 17 ATM_MISO))
    (pad 3 smd rect (at -5.7 -2.4 180) (size 1.5 0.55) (layers F.Cu F.Paste F.Mask)
      (net 16 ATM_SCK))
    (pad 4 smd rect (at -5.7 -1.6 180) (size 1.5 0.55) (layers F.Cu F.Paste F.Mask)
      (net 11 ATM_RESET))
    (pad 5 smd rect (at -5.7 -0.8 180) (size 1.5 0.55) (layers F.Cu F.Paste F.Mask)
      (net 3 +3V3))
    (pad 6 smd rect (at -5.7 0 180) (size 1.5 0.55) (layers F.Cu F.Paste F.Mask)
      (net 22 GND))
    (pad 7 smd rect (at -5.7 0.8 180) (size 1.5 0.55) (layers F.Cu F.Paste F.Mask)
      (net 25 "Net-(C11-Pad1)"))
    (pad 8 smd rect (at -5.7 1.6 180) (size 1.5 0.55) (layers F.Cu F.Paste F.Mask)
      (net 24 "Net-(C9-Pad1)"))
    (pad 9 smd rect (at -5.7 2.4 180) (size 1.5 0.55) (layers F.Cu F.Paste F.Mask)
      (net 9 ATM_RXD_0))
    (pad 10 smd rect (at -5.7 3.2 180) (size 1.5 0.55) (layers F.Cu F.Paste F.Mask)
      (net 8 ATM_TXD_0))
    (pad 11 smd rect (at -5.7 4 180) (size 1.5 0.55) (layers F.Cu F.Paste F.Mask)
      (net 38 ATM_RXD_1))
    (pad 12 smd rect (at -4 5.7 270) (size 1.5 0.55) (layers F.Cu F.Paste F.Mask)
      (net 39 ATM_TXD_1))
    (pad 13 smd rect (at -3.2 5.7 270) (size 1.5 0.55) (layers F.Cu F.Paste F.Mask)
      (net 6 LED_1))
    (pad 14 smd rect (at -2.4 5.7 270) (size 1.5 0.55) (layers F.Cu F.Paste F.Mask)
      (net 82 LED_2))
    (pad 15 smd rect (at -1.6 5.7 270) (size 1.5 0.55) (layers F.Cu F.Paste F.Mask)
      (net 19 CO2_WAKE))
    (pad 16 smd rect (at -0.8 5.7 270) (size 1.5 0.55) (layers F.Cu F.Paste F.Mask)
      (net 50 /Interface/ATM_SCK_1))
    (pad 17 smd rect (at 0 5.7 270) (size 1.5 0.55) (layers F.Cu F.Paste F.Mask)
      (net 56 /Interface/ATM_MISO_1_RXD_2))
    (pad 18 smd rect (at 0.8 5.7 270) (size 1.5 0.55) (layers F.Cu F.Paste F.Mask)
      (net 55 /Interface/ATM_MOSI_1_TXD_2))
    (pad 19 smd rect (at 1.6 5.7 270) (size 1.5 0.55) (layers F.Cu F.Paste F.Mask)
      (net 29 SCL))
    (pad 20 smd rect (at 2.4 5.7 270) (size 1.5 0.55) (layers F.Cu F.Paste F.Mask)
      (net 30 SDA))
    (pad 21 smd rect (at 3.2 5.7 270) (size 1.5 0.55) (layers F.Cu F.Paste F.Mask)
      (net 14 ATM_JTAG_TCK))
    (pad 22 smd rect (at 4 5.7 270) (size 1.5 0.55) (layers F.Cu F.Paste F.Mask)
      (net 12 ATM_JTAG_TMS))
    (pad 23 smd rect (at 5.7 4 180) (size 1.5 0.55) (layers F.Cu F.Paste F.Mask)
      (net 13 ATM_JTAG_TDO))
    (pad 24 smd rect (at 5.7 3.2 180) (size 1.5 0.55) (layers F.Cu F.Paste F.Mask)
      (net 10 ATM_JTAG_TDI))
    (pad 25 smd rect (at 5.7 2.4 180) (size 1.5 0.55) (layers F.Cu F.Paste F.Mask)
      (net 84 "Net-(U4-Pad25)"))
    (pad 26 smd rect (at 5.7 1.6 180) (size 1.5 0.55) (layers F.Cu F.Paste F.Mask)
      (net 85 "Net-(U4-Pad26)"))
    (pad 27 smd rect (at 5.7 0.8 180) (size 1.5 0.55) (layers F.Cu F.Paste F.Mask)
      (net 4 ATM_AREF))
    (pad 28 smd rect (at 5.7 0 180) (size 1.5 0.55) (layers F.Cu F.Paste F.Mask)
      (net 22 GND))
    (pad 29 smd rect (at 5.7 -0.8 180) (size 1.5 0.55) (layers F.Cu F.Paste F.Mask)
      (net 4 ATM_AREF))
    (pad 30 smd rect (at 5.7 -1.6 180) (size 1.5 0.55) (layers F.Cu F.Paste F.Mask)
      (net 20 CO2_INT))
    (pad 31 smd rect (at 5.7 -2.4 180) (size 1.5 0.55) (layers F.Cu F.Paste F.Mask)
      (net 46 /Interface/ADAPTER_IN_USE))
    (pad 32 smd rect (at 5.7 -3.2 180) (size 1.5 0.55) (layers F.Cu F.Paste F.Mask)
      (net 86 "Net-(U4-Pad32)"))
    (pad 33 smd rect (at 5.7 -4 180) (size 1.5 0.55) (layers F.Cu F.Paste F.Mask)
      (net 43 /Communication/RF_IRQ))
    (pad 34 smd rect (at 4 -5.7 270) (size 1.5 0.55) (layers F.Cu F.Paste F.Mask)
      (net 73 /Interface/ATM_PA3))
    (pad 35 smd rect (at 3.2 -5.7 270) (size 1.5 0.55) (layers F.Cu F.Paste F.Mask)
      (net 49 /Interface/ATM_PA2))
    (pad 36 smd rect (at 2.4 -5.7 270) (size 1.5 0.55) (layers F.Cu F.Paste F.Mask)
      (net 48 /Interface/ATM_PA1))
    (pad 37 smd rect (at 1.6 -5.7 270) (size 1.5 0.55) (layers F.Cu F.Paste F.Mask)
      (net 47 /Interface/ATM_PA0))
    (pad 38 smd rect (at 0.8 -5.7 270) (size 1.5 0.55) (layers F.Cu F.Paste F.Mask)
      (net 51 /Interface/ATM_SDA_1))
    (pad 39 smd rect (at 0 -5.7 270) (size 1.5 0.55) (layers F.Cu F.Paste F.Mask)
      (net 52 /Interface/ATM_SCL_1))
    (pad 40 smd rect (at -0.8 -5.7 270) (size 1.5 0.55) (layers F.Cu F.Paste F.Mask)
      (net 44 XBEE_SPI_SSEL))
    (pad 41 smd rect (at -1.6 -5.7 270) (size 1.5 0.55) (layers F.Cu F.Paste F.Mask)
      (net 45 XBEE_SLEEP))
    (pad 42 smd rect (at -2.4 -5.7 270) (size 1.5 0.55) (layers F.Cu F.Paste F.Mask)
      (net 21 RTC_MFP))
    (pad 43 smd rect (at -3.2 -5.7 270) (size 1.5 0.55) (layers F.Cu F.Paste F.Mask)
      (net 75 /Interface/ATM_PB3))
    (pad 44 smd rect (at -4 -5.7 270) (size 1.5 0.55) (layers F.Cu F.Paste F.Mask)
      (net 74 /Interface/ATM_PB4))
    (model ${KISYS3DMOD}/Package_QFP.3dshapes/TQFP-44_10x10mm_P0.8mm.wrl
      (at (xyz 0 0 0))
      (scale (xyz 1 1 1))
      (rotate (xyz 0 0 0))
    )
  )

  (module SamacSys_Parts:SOT65P210X110-6N (layer F.Cu) (tedit 0) (tstamp 619A600F)
    (at 173.086 92.903 270)
    (descr "SC-88(SOT-363) CASE 419B-02 ISSUE Y")
    (tags "Integrated Circuit")
    (path /5F2DAD2E/619EB79F)
    (attr smd)
    (fp_text reference IC5 (at -1.082 2.017 90) (layer F.SilkS)
      (effects (font (size 1 1) (thickness 0.15)))
    )
    (fp_text value NUF2221W1T2G (at 0.569 -0.015 90) (layer F.SilkS) hide
      (effects (font (size 1.27 1.27) (thickness 0.254)))
    )
    (fp_line (start -1.475 -1.2) (end -0.425 -1.2) (layer F.SilkS) (width 0.2))
    (fp_line (start -0.075 1) (end -0.075 -1) (layer F.SilkS) (width 0.2))
    (fp_line (start 0.075 1) (end -0.075 1) (layer F.SilkS) (width 0.2))
    (fp_line (start 0.075 -1) (end 0.075 1) (layer F.SilkS) (width 0.2))
    (fp_line (start -0.075 -1) (end 0.075 -1) (layer F.SilkS) (width 0.2))
    (fp_line (start -0.625 -0.35) (end 0.025 -1) (layer F.Fab) (width 0.1))
    (fp_line (start -0.625 1) (end -0.625 -1) (layer F.Fab) (width 0.1))
    (fp_line (start 0.625 1) (end -0.625 1) (layer F.Fab) (width 0.1))
    (fp_line (start 0.625 -1) (end 0.625 1) (layer F.Fab) (width 0.1))
    (fp_line (start -0.625 -1) (end 0.625 -1) (layer F.Fab) (width 0.1))
    (fp_line (start -1.725 1.35) (end -1.725 -1.35) (layer F.CrtYd) (width 0.05))
    (fp_line (start 1.725 1.35) (end -1.725 1.35) (layer F.CrtYd) (width 0.05))
    (fp_line (start 1.725 -1.35) (end 1.725 1.35) (layer F.CrtYd) (width 0.05))
    (fp_line (start -1.725 -1.35) (end 1.725 -1.35) (layer F.CrtYd) (width 0.05))
    (fp_text user %R (at 0 0 90) (layer F.Fab)
      (effects (font (size 1.27 1.27) (thickness 0.254)))
    )
    (pad 1 smd rect (at -0.95 -0.65) (size 0.4 1.05) (layers F.Cu F.Paste F.Mask)
      (net 89 USB_D+))
    (pad 2 smd rect (at -0.95 0) (size 0.4 1.05) (layers F.Cu F.Paste F.Mask)
      (net 22 GND))
    (pad 3 smd rect (at -0.95 0.65) (size 0.4 1.05) (layers F.Cu F.Paste F.Mask)
      (net 90 USB_D-))
    (pad 4 smd rect (at 0.95 0.65) (size 0.4 1.05) (layers F.Cu F.Paste F.Mask)
      (net 91 "Net-(IC5-Pad4)"))
    (pad 5 smd rect (at 0.95 0) (size 0.4 1.05) (layers F.Cu F.Paste F.Mask)
      (net 5 V_USB))
    (pad 6 smd rect (at 0.95 -0.65) (size 0.4 1.05) (layers F.Cu F.Paste F.Mask)
      (net 92 "Net-(IC5-Pad6)"))
    (model D:\KiCAD_Libraries\SamacSys_Parts.3dshapes\NUF2221W1T2G.stp
      (at (xyz 0 0 0))
      (scale (xyz 1 1 1))
      (rotate (xyz 0 0 0))
    )
  )

  (module Resistor_SMD:R_0805_2012Metric (layer F.Cu) (tedit 5B36C52B) (tstamp 6010CB1A)
    (at 226.314 128.0945 90)
    (descr "Resistor SMD 0805 (2012 Metric), square (rectangular) end terminal, IPC_7351 nominal, (Body size source: https://docs.google.com/spreadsheets/d/1BsfQQcO9C6DZCsRaXUlFlo91Tg2WpOkGARC1WS5S8t0/edit?usp=sharing), generated with kicad-footprint-generator")
    (tags resistor)
    (path /5F76931A/5F857894)
    (attr smd)
    (fp_text reference R7 (at -1.0645 1.905) (layer F.SilkS)
      (effects (font (size 1 1) (thickness 0.15)))
    )
    (fp_text value 10k (at 0 1.65 270) (layer F.Fab)
      (effects (font (size 1 1) (thickness 0.15)))
    )
    (fp_line (start -1 0.6) (end -1 -0.6) (layer F.Fab) (width 0.1))
    (fp_line (start -1 -0.6) (end 1 -0.6) (layer F.Fab) (width 0.1))
    (fp_line (start 1 -0.6) (end 1 0.6) (layer F.Fab) (width 0.1))
    (fp_line (start 1 0.6) (end -1 0.6) (layer F.Fab) (width 0.1))
    (fp_line (start -0.258578 -0.71) (end 0.258578 -0.71) (layer F.SilkS) (width 0.12))
    (fp_line (start -0.258578 0.71) (end 0.258578 0.71) (layer F.SilkS) (width 0.12))
    (fp_line (start -1.68 0.95) (end -1.68 -0.95) (layer F.CrtYd) (width 0.05))
    (fp_line (start -1.68 -0.95) (end 1.68 -0.95) (layer F.CrtYd) (width 0.05))
    (fp_line (start 1.68 -0.95) (end 1.68 0.95) (layer F.CrtYd) (width 0.05))
    (fp_line (start 1.68 0.95) (end -1.68 0.95) (layer F.CrtYd) (width 0.05))
    (fp_text user %R (at 0 0 270) (layer F.Fab)
      (effects (font (size 0.5 0.5) (thickness 0.08)))
    )
    (pad 2 smd roundrect (at 0.9375 0 90) (size 0.975 1.4) (layers F.Cu F.Paste F.Mask) (roundrect_rratio 0.25)
      (net 11 ATM_RESET))
    (pad 1 smd roundrect (at -0.9375 0 90) (size 0.975 1.4) (layers F.Cu F.Paste F.Mask) (roundrect_rratio 0.25)
      (net 3 +3V3))
    (model ${KISYS3DMOD}/Resistor_SMD.3dshapes/R_0805_2012Metric.wrl
      (at (xyz 0 0 0))
      (scale (xyz 1 1 1))
      (rotate (xyz 0 0 0))
    )
  )

  (module Capacitor_SMD:C_0805_2012Metric (layer F.Cu) (tedit 5B36C52B) (tstamp 619775B4)
    (at 190.754 99.187 90)
    (descr "Capacitor SMD 0805 (2012 Metric), square (rectangular) end terminal, IPC_7351 nominal, (Body size source: https://docs.google.com/spreadsheets/d/1BsfQQcO9C6DZCsRaXUlFlo91Tg2WpOkGARC1WS5S8t0/edit?usp=sharing), generated with kicad-footprint-generator")
    (tags capacitor)
    (path /5F2DAD2E/5F46BAEC)
    (attr smd)
    (fp_text reference C1 (at 0.127 -1.651 270) (layer F.SilkS)
      (effects (font (size 1 1) (thickness 0.15)))
    )
    (fp_text value 10uF (at 0 1.65 90) (layer F.Fab)
      (effects (font (size 1 1) (thickness 0.15)))
    )
    (fp_line (start 1.68 0.95) (end -1.68 0.95) (layer F.CrtYd) (width 0.05))
    (fp_line (start 1.68 -0.95) (end 1.68 0.95) (layer F.CrtYd) (width 0.05))
    (fp_line (start -1.68 -0.95) (end 1.68 -0.95) (layer F.CrtYd) (width 0.05))
    (fp_line (start -1.68 0.95) (end -1.68 -0.95) (layer F.CrtYd) (width 0.05))
    (fp_line (start -0.258578 0.71) (end 0.258578 0.71) (layer F.SilkS) (width 0.12))
    (fp_line (start -0.258578 -0.71) (end 0.258578 -0.71) (layer F.SilkS) (width 0.12))
    (fp_line (start 1 0.6) (end -1 0.6) (layer F.Fab) (width 0.1))
    (fp_line (start 1 -0.6) (end 1 0.6) (layer F.Fab) (width 0.1))
    (fp_line (start -1 -0.6) (end 1 -0.6) (layer F.Fab) (width 0.1))
    (fp_line (start -1 0.6) (end -1 -0.6) (layer F.Fab) (width 0.1))
    (fp_text user %R (at 0 0 90) (layer F.Fab)
      (effects (font (size 0.5 0.5) (thickness 0.08)))
    )
    (pad 1 smd roundrect (at -0.9375 0 90) (size 0.975 1.4) (layers F.Cu F.Paste F.Mask) (roundrect_rratio 0.25)
      (net 1 "Net-(C1-Pad1)"))
    (pad 2 smd roundrect (at 0.9375 0 90) (size 0.975 1.4) (layers F.Cu F.Paste F.Mask) (roundrect_rratio 0.25)
      (net 22 GND))
    (model ${KISYS3DMOD}/Capacitor_SMD.3dshapes/C_0805_2012Metric.wrl
      (at (xyz 0 0 0))
      (scale (xyz 1 1 1))
      (rotate (xyz 0 0 0))
    )
  )

  (module Capacitor_SMD:C_0805_2012Metric (layer F.Cu) (tedit 5B36C52B) (tstamp 61977584)
    (at 185.8795 88.9 180)
    (descr "Capacitor SMD 0805 (2012 Metric), square (rectangular) end terminal, IPC_7351 nominal, (Body size source: https://docs.google.com/spreadsheets/d/1BsfQQcO9C6DZCsRaXUlFlo91Tg2WpOkGARC1WS5S8t0/edit?usp=sharing), generated with kicad-footprint-generator")
    (tags capacitor)
    (path /5F2DAD2E/5F46CE2A)
    (attr smd)
    (fp_text reference C2 (at -2.7155 -0.127 180) (layer F.SilkS)
      (effects (font (size 1 1) (thickness 0.15)))
    )
    (fp_text value 100nF (at 0 1.65 180) (layer F.Fab)
      (effects (font (size 1 1) (thickness 0.15)))
    )
    (fp_line (start 1.68 0.95) (end -1.68 0.95) (layer F.CrtYd) (width 0.05))
    (fp_line (start 1.68 -0.95) (end 1.68 0.95) (layer F.CrtYd) (width 0.05))
    (fp_line (start -1.68 -0.95) (end 1.68 -0.95) (layer F.CrtYd) (width 0.05))
    (fp_line (start -1.68 0.95) (end -1.68 -0.95) (layer F.CrtYd) (width 0.05))
    (fp_line (start -0.258578 0.71) (end 0.258578 0.71) (layer F.SilkS) (width 0.12))
    (fp_line (start -0.258578 -0.71) (end 0.258578 -0.71) (layer F.SilkS) (width 0.12))
    (fp_line (start 1 0.6) (end -1 0.6) (layer F.Fab) (width 0.1))
    (fp_line (start 1 -0.6) (end 1 0.6) (layer F.Fab) (width 0.1))
    (fp_line (start -1 -0.6) (end 1 -0.6) (layer F.Fab) (width 0.1))
    (fp_line (start -1 0.6) (end -1 -0.6) (layer F.Fab) (width 0.1))
    (fp_text user %R (at 0 0 180) (layer F.Fab)
      (effects (font (size 0.5 0.5) (thickness 0.08)))
    )
    (pad 1 smd roundrect (at -0.9375 0 180) (size 0.975 1.4) (layers F.Cu F.Paste F.Mask) (roundrect_rratio 0.25)
      (net 2 "Net-(C2-Pad1)"))
    (pad 2 smd roundrect (at 0.9375 0 180) (size 0.975 1.4) (layers F.Cu F.Paste F.Mask) (roundrect_rratio 0.25)
      (net 22 GND))
    (model ${KISYS3DMOD}/Capacitor_SMD.3dshapes/C_0805_2012Metric.wrl
      (at (xyz 0 0 0))
      (scale (xyz 1 1 1))
      (rotate (xyz 0 0 0))
    )
  )

  (module Capacitor_SMD:C_0805_2012Metric (layer F.Cu) (tedit 5B36C52B) (tstamp 61977554)
    (at 178.8945 88.9 180)
    (descr "Capacitor SMD 0805 (2012 Metric), square (rectangular) end terminal, IPC_7351 nominal, (Body size source: https://docs.google.com/spreadsheets/d/1BsfQQcO9C6DZCsRaXUlFlo91Tg2WpOkGARC1WS5S8t0/edit?usp=sharing), generated with kicad-footprint-generator")
    (tags capacitor)
    (path /5F2DAD2E/5F46C1BC)
    (attr smd)
    (fp_text reference C3 (at 2.3645 0 270) (layer F.SilkS)
      (effects (font (size 1 1) (thickness 0.15)))
    )
    (fp_text value 10uF (at 0 1.65 180) (layer F.Fab)
      (effects (font (size 1 1) (thickness 0.15)))
    )
    (fp_line (start -1 0.6) (end -1 -0.6) (layer F.Fab) (width 0.1))
    (fp_line (start -1 -0.6) (end 1 -0.6) (layer F.Fab) (width 0.1))
    (fp_line (start 1 -0.6) (end 1 0.6) (layer F.Fab) (width 0.1))
    (fp_line (start 1 0.6) (end -1 0.6) (layer F.Fab) (width 0.1))
    (fp_line (start -0.258578 -0.71) (end 0.258578 -0.71) (layer F.SilkS) (width 0.12))
    (fp_line (start -0.258578 0.71) (end 0.258578 0.71) (layer F.SilkS) (width 0.12))
    (fp_line (start -1.68 0.95) (end -1.68 -0.95) (layer F.CrtYd) (width 0.05))
    (fp_line (start -1.68 -0.95) (end 1.68 -0.95) (layer F.CrtYd) (width 0.05))
    (fp_line (start 1.68 -0.95) (end 1.68 0.95) (layer F.CrtYd) (width 0.05))
    (fp_line (start 1.68 0.95) (end -1.68 0.95) (layer F.CrtYd) (width 0.05))
    (fp_text user %R (at 0 0 180) (layer F.Fab)
      (effects (font (size 0.5 0.5) (thickness 0.08)))
    )
    (pad 2 smd roundrect (at 0.9375 0 180) (size 0.975 1.4) (layers F.Cu F.Paste F.Mask) (roundrect_rratio 0.25)
      (net 22 GND))
    (pad 1 smd roundrect (at -0.9375 0 180) (size 0.975 1.4) (layers F.Cu F.Paste F.Mask) (roundrect_rratio 0.25)
      (net 3 +3V3))
    (model ${KISYS3DMOD}/Capacitor_SMD.3dshapes/C_0805_2012Metric.wrl
      (at (xyz 0 0 0))
      (scale (xyz 1 1 1))
      (rotate (xyz 0 0 0))
    )
  )

  (module Capacitor_SMD:C_0805_2012Metric (layer F.Cu) (tedit 5B36C52B) (tstamp 619775E4)
    (at 182.4205 88.9)
    (descr "Capacitor SMD 0805 (2012 Metric), square (rectangular) end terminal, IPC_7351 nominal, (Body size source: https://docs.google.com/spreadsheets/d/1BsfQQcO9C6DZCsRaXUlFlo91Tg2WpOkGARC1WS5S8t0/edit?usp=sharing), generated with kicad-footprint-generator")
    (tags capacitor)
    (path /5F2DAD2E/5F46C42B)
    (attr smd)
    (fp_text reference C4 (at 5.4125 -1.651 180) (layer F.SilkS)
      (effects (font (size 1 1) (thickness 0.15)))
    )
    (fp_text value 10uF (at 0 1.65) (layer F.Fab)
      (effects (font (size 1 1) (thickness 0.15)))
    )
    (fp_line (start 1.68 0.95) (end -1.68 0.95) (layer F.CrtYd) (width 0.05))
    (fp_line (start 1.68 -0.95) (end 1.68 0.95) (layer F.CrtYd) (width 0.05))
    (fp_line (start -1.68 -0.95) (end 1.68 -0.95) (layer F.CrtYd) (width 0.05))
    (fp_line (start -1.68 0.95) (end -1.68 -0.95) (layer F.CrtYd) (width 0.05))
    (fp_line (start -0.258578 0.71) (end 0.258578 0.71) (layer F.SilkS) (width 0.12))
    (fp_line (start -0.258578 -0.71) (end 0.258578 -0.71) (layer F.SilkS) (width 0.12))
    (fp_line (start 1 0.6) (end -1 0.6) (layer F.Fab) (width 0.1))
    (fp_line (start 1 -0.6) (end 1 0.6) (layer F.Fab) (width 0.1))
    (fp_line (start -1 -0.6) (end 1 -0.6) (layer F.Fab) (width 0.1))
    (fp_line (start -1 0.6) (end -1 -0.6) (layer F.Fab) (width 0.1))
    (fp_text user %R (at 0 0) (layer F.Fab)
      (effects (font (size 0.5 0.5) (thickness 0.08)))
    )
    (pad 1 smd roundrect (at -0.9375 0) (size 0.975 1.4) (layers F.Cu F.Paste F.Mask) (roundrect_rratio 0.25)
      (net 3 +3V3))
    (pad 2 smd roundrect (at 0.9375 0) (size 0.975 1.4) (layers F.Cu F.Paste F.Mask) (roundrect_rratio 0.25)
      (net 22 GND))
    (model ${KISYS3DMOD}/Capacitor_SMD.3dshapes/C_0805_2012Metric.wrl
      (at (xyz 0 0 0))
      (scale (xyz 1 1 1))
      (rotate (xyz 0 0 0))
    )
  )

  (module Capacitor_SMD:C_0805_2012Metric (layer F.Cu) (tedit 5B36C52B) (tstamp 6197A0B7)
    (at 208.3285 110.363 180)
    (descr "Capacitor SMD 0805 (2012 Metric), square (rectangular) end terminal, IPC_7351 nominal, (Body size source: https://docs.google.com/spreadsheets/d/1BsfQQcO9C6DZCsRaXUlFlo91Tg2WpOkGARC1WS5S8t0/edit?usp=sharing), generated with kicad-footprint-generator")
    (tags capacitor)
    (path /5F86FCBB/5F8743CF)
    (attr smd)
    (fp_text reference C5 (at 2.3345 0 270) (layer F.SilkS)
      (effects (font (size 1 1) (thickness 0.15)))
    )
    (fp_text value 100nF (at 0 1.65) (layer F.Fab)
      (effects (font (size 1 1) (thickness 0.15)))
    )
    (fp_line (start -1 0.6) (end -1 -0.6) (layer F.Fab) (width 0.1))
    (fp_line (start -1 -0.6) (end 1 -0.6) (layer F.Fab) (width 0.1))
    (fp_line (start 1 -0.6) (end 1 0.6) (layer F.Fab) (width 0.1))
    (fp_line (start 1 0.6) (end -1 0.6) (layer F.Fab) (width 0.1))
    (fp_line (start -0.258578 -0.71) (end 0.258578 -0.71) (layer F.SilkS) (width 0.12))
    (fp_line (start -0.258578 0.71) (end 0.258578 0.71) (layer F.SilkS) (width 0.12))
    (fp_line (start -1.68 0.95) (end -1.68 -0.95) (layer F.CrtYd) (width 0.05))
    (fp_line (start -1.68 -0.95) (end 1.68 -0.95) (layer F.CrtYd) (width 0.05))
    (fp_line (start 1.68 -0.95) (end 1.68 0.95) (layer F.CrtYd) (width 0.05))
    (fp_line (start 1.68 0.95) (end -1.68 0.95) (layer F.CrtYd) (width 0.05))
    (fp_text user %R (at 0 0) (layer F.Fab)
      (effects (font (size 0.5 0.5) (thickness 0.08)))
    )
    (pad 2 smd roundrect (at 0.9375 0 180) (size 0.975 1.4) (layers F.Cu F.Paste F.Mask) (roundrect_rratio 0.25)
      (net 22 GND))
    (pad 1 smd roundrect (at -0.9375 0 180) (size 0.975 1.4) (layers F.Cu F.Paste F.Mask) (roundrect_rratio 0.25)
      (net 3 +3V3))
    (model ${KISYS3DMOD}/Capacitor_SMD.3dshapes/C_0805_2012Metric.wrl
      (at (xyz 0 0 0))
      (scale (xyz 1 1 1))
      (rotate (xyz 0 0 0))
    )
  )

  (module Capacitor_SMD:C_0805_2012Metric (layer F.Cu) (tedit 5B36C52B) (tstamp 6197A108)
    (at 208.3285 112.395 180)
    (descr "Capacitor SMD 0805 (2012 Metric), square (rectangular) end terminal, IPC_7351 nominal, (Body size source: https://docs.google.com/spreadsheets/d/1BsfQQcO9C6DZCsRaXUlFlo91Tg2WpOkGARC1WS5S8t0/edit?usp=sharing), generated with kicad-footprint-generator")
    (tags capacitor)
    (path /5F86FCBB/5F8743ED)
    (attr smd)
    (fp_text reference C6 (at 2.3645 0 270) (layer F.SilkS)
      (effects (font (size 1 1) (thickness 0.15)))
    )
    (fp_text value 1uF (at 0 1.65) (layer F.Fab)
      (effects (font (size 1 1) (thickness 0.15)))
    )
    (fp_line (start 1.68 0.95) (end -1.68 0.95) (layer F.CrtYd) (width 0.05))
    (fp_line (start 1.68 -0.95) (end 1.68 0.95) (layer F.CrtYd) (width 0.05))
    (fp_line (start -1.68 -0.95) (end 1.68 -0.95) (layer F.CrtYd) (width 0.05))
    (fp_line (start -1.68 0.95) (end -1.68 -0.95) (layer F.CrtYd) (width 0.05))
    (fp_line (start -0.258578 0.71) (end 0.258578 0.71) (layer F.SilkS) (width 0.12))
    (fp_line (start -0.258578 -0.71) (end 0.258578 -0.71) (layer F.SilkS) (width 0.12))
    (fp_line (start 1 0.6) (end -1 0.6) (layer F.Fab) (width 0.1))
    (fp_line (start 1 -0.6) (end 1 0.6) (layer F.Fab) (width 0.1))
    (fp_line (start -1 -0.6) (end 1 -0.6) (layer F.Fab) (width 0.1))
    (fp_line (start -1 0.6) (end -1 -0.6) (layer F.Fab) (width 0.1))
    (fp_text user %R (at 0 0) (layer F.Fab)
      (effects (font (size 0.5 0.5) (thickness 0.08)))
    )
    (pad 1 smd roundrect (at -0.9375 0 180) (size 0.975 1.4) (layers F.Cu F.Paste F.Mask) (roundrect_rratio 0.25)
      (net 3 +3V3))
    (pad 2 smd roundrect (at 0.9375 0 180) (size 0.975 1.4) (layers F.Cu F.Paste F.Mask) (roundrect_rratio 0.25)
      (net 22 GND))
    (model ${KISYS3DMOD}/Capacitor_SMD.3dshapes/C_0805_2012Metric.wrl
      (at (xyz 0 0 0))
      (scale (xyz 1 1 1))
      (rotate (xyz 0 0 0))
    )
  )

  (module Capacitor_SMD:C_0805_2012Metric (layer F.Cu) (tedit 5B36C52B) (tstamp 61974A40)
    (at 212.1685 134.112 180)
    (descr "Capacitor SMD 0805 (2012 Metric), square (rectangular) end terminal, IPC_7351 nominal, (Body size source: https://docs.google.com/spreadsheets/d/1BsfQQcO9C6DZCsRaXUlFlo91Tg2WpOkGARC1WS5S8t0/edit?usp=sharing), generated with kicad-footprint-generator")
    (tags capacitor)
    (path /5F86FCBB/5F8770F6)
    (attr smd)
    (fp_text reference C7 (at -2.7155 0 180) (layer F.SilkS)
      (effects (font (size 1 1) (thickness 0.15)))
    )
    (fp_text value 100nF (at 0 1.65) (layer F.Fab)
      (effects (font (size 1 1) (thickness 0.15)))
    )
    (fp_line (start -1 0.6) (end -1 -0.6) (layer F.Fab) (width 0.1))
    (fp_line (start -1 -0.6) (end 1 -0.6) (layer F.Fab) (width 0.1))
    (fp_line (start 1 -0.6) (end 1 0.6) (layer F.Fab) (width 0.1))
    (fp_line (start 1 0.6) (end -1 0.6) (layer F.Fab) (width 0.1))
    (fp_line (start -0.258578 -0.71) (end 0.258578 -0.71) (layer F.SilkS) (width 0.12))
    (fp_line (start -0.258578 0.71) (end 0.258578 0.71) (layer F.SilkS) (width 0.12))
    (fp_line (start -1.68 0.95) (end -1.68 -0.95) (layer F.CrtYd) (width 0.05))
    (fp_line (start -1.68 -0.95) (end 1.68 -0.95) (layer F.CrtYd) (width 0.05))
    (fp_line (start 1.68 -0.95) (end 1.68 0.95) (layer F.CrtYd) (width 0.05))
    (fp_line (start 1.68 0.95) (end -1.68 0.95) (layer F.CrtYd) (width 0.05))
    (fp_text user %R (at 0 0) (layer F.Fab)
      (effects (font (size 0.5 0.5) (thickness 0.08)))
    )
    (pad 2 smd roundrect (at 0.9375 0 180) (size 0.975 1.4) (layers F.Cu F.Paste F.Mask) (roundrect_rratio 0.25)
      (net 22 GND))
    (pad 1 smd roundrect (at -0.9375 0 180) (size 0.975 1.4) (layers F.Cu F.Paste F.Mask) (roundrect_rratio 0.25)
      (net 3 +3V3))
    (model ${KISYS3DMOD}/Capacitor_SMD.3dshapes/C_0805_2012Metric.wrl
      (at (xyz 0 0 0))
      (scale (xyz 1 1 1))
      (rotate (xyz 0 0 0))
    )
  )

  (module Capacitor_SMD:C_0805_2012Metric (layer F.Cu) (tedit 5B36C52B) (tstamp 61979D07)
    (at 201.295 133.2715 270)
    (descr "Capacitor SMD 0805 (2012 Metric), square (rectangular) end terminal, IPC_7351 nominal, (Body size source: https://docs.google.com/spreadsheets/d/1BsfQQcO9C6DZCsRaXUlFlo91Tg2WpOkGARC1WS5S8t0/edit?usp=sharing), generated with kicad-footprint-generator")
    (tags capacitor)
    (path /5F86FCBB/5F3CF8D6)
    (attr smd)
    (fp_text reference C8 (at 2.4915 0 180) (layer F.SilkS)
      (effects (font (size 1 1) (thickness 0.15)))
    )
    (fp_text value 100nF (at 0 1.65 90) (layer F.Fab)
      (effects (font (size 1 1) (thickness 0.15)))
    )
    (fp_line (start -1 0.6) (end -1 -0.6) (layer F.Fab) (width 0.1))
    (fp_line (start -1 -0.6) (end 1 -0.6) (layer F.Fab) (width 0.1))
    (fp_line (start 1 -0.6) (end 1 0.6) (layer F.Fab) (width 0.1))
    (fp_line (start 1 0.6) (end -1 0.6) (layer F.Fab) (width 0.1))
    (fp_line (start -0.258578 -0.71) (end 0.258578 -0.71) (layer F.SilkS) (width 0.12))
    (fp_line (start -0.258578 0.71) (end 0.258578 0.71) (layer F.SilkS) (width 0.12))
    (fp_line (start -1.68 0.95) (end -1.68 -0.95) (layer F.CrtYd) (width 0.05))
    (fp_line (start -1.68 -0.95) (end 1.68 -0.95) (layer F.CrtYd) (width 0.05))
    (fp_line (start 1.68 -0.95) (end 1.68 0.95) (layer F.CrtYd) (width 0.05))
    (fp_line (start 1.68 0.95) (end -1.68 0.95) (layer F.CrtYd) (width 0.05))
    (fp_text user %R (at 0 0 90) (layer F.Fab)
      (effects (font (size 0.5 0.5) (thickness 0.08)))
    )
    (pad 2 smd roundrect (at 0.9375 0 270) (size 0.975 1.4) (layers F.Cu F.Paste F.Mask) (roundrect_rratio 0.25)
      (net 22 GND))
    (pad 1 smd roundrect (at -0.9375 0 270) (size 0.975 1.4) (layers F.Cu F.Paste F.Mask) (roundrect_rratio 0.25)
      (net 3 +3V3))
    (model ${KISYS3DMOD}/Capacitor_SMD.3dshapes/C_0805_2012Metric.wrl
      (at (xyz 0 0 0))
      (scale (xyz 1 1 1))
      (rotate (xyz 0 0 0))
    )
  )

  (module Capacitor_SMD:C_0805_2012Metric (layer F.Cu) (tedit 5B36C52B) (tstamp 6010C048)
    (at 212.2955 89.281)
    (descr "Capacitor SMD 0805 (2012 Metric), square (rectangular) end terminal, IPC_7351 nominal, (Body size source: https://docs.google.com/spreadsheets/d/1BsfQQcO9C6DZCsRaXUlFlo91Tg2WpOkGARC1WS5S8t0/edit?usp=sharing), generated with kicad-footprint-generator")
    (tags capacitor)
    (path /5F76931A/5F85781F)
    (attr smd)
    (fp_text reference C9 (at -0.8405 -1.65) (layer F.SilkS)
      (effects (font (size 1 1) (thickness 0.15)))
    )
    (fp_text value 22pF (at 0 1.65) (layer F.Fab)
      (effects (font (size 1 1) (thickness 0.15)))
    )
    (fp_line (start -1 0.6) (end -1 -0.6) (layer F.Fab) (width 0.1))
    (fp_line (start -1 -0.6) (end 1 -0.6) (layer F.Fab) (width 0.1))
    (fp_line (start 1 -0.6) (end 1 0.6) (layer F.Fab) (width 0.1))
    (fp_line (start 1 0.6) (end -1 0.6) (layer F.Fab) (width 0.1))
    (fp_line (start -0.258578 -0.71) (end 0.258578 -0.71) (layer F.SilkS) (width 0.12))
    (fp_line (start -0.258578 0.71) (end 0.258578 0.71) (layer F.SilkS) (width 0.12))
    (fp_line (start -1.68 0.95) (end -1.68 -0.95) (layer F.CrtYd) (width 0.05))
    (fp_line (start -1.68 -0.95) (end 1.68 -0.95) (layer F.CrtYd) (width 0.05))
    (fp_line (start 1.68 -0.95) (end 1.68 0.95) (layer F.CrtYd) (width 0.05))
    (fp_line (start 1.68 0.95) (end -1.68 0.95) (layer F.CrtYd) (width 0.05))
    (fp_text user %R (at 0 0) (layer F.Fab)
      (effects (font (size 0.5 0.5) (thickness 0.08)))
    )
    (pad 2 smd roundrect (at 0.9375 0) (size 0.975 1.4) (layers F.Cu F.Paste F.Mask) (roundrect_rratio 0.25)
      (net 22 GND))
    (pad 1 smd roundrect (at -0.9375 0) (size 0.975 1.4) (layers F.Cu F.Paste F.Mask) (roundrect_rratio 0.25)
      (net 24 "Net-(C9-Pad1)"))
    (model ${KISYS3DMOD}/Capacitor_SMD.3dshapes/C_0805_2012Metric.wrl
      (at (xyz 0 0 0))
      (scale (xyz 1 1 1))
      (rotate (xyz 0 0 0))
    )
  )

  (module Capacitor_SMD:C_0805_2012Metric (layer F.Cu) (tedit 5B36C52B) (tstamp 6007A141)
    (at 225.2195 125.349)
    (descr "Capacitor SMD 0805 (2012 Metric), square (rectangular) end terminal, IPC_7351 nominal, (Body size source: https://docs.google.com/spreadsheets/d/1BsfQQcO9C6DZCsRaXUlFlo91Tg2WpOkGARC1WS5S8t0/edit?usp=sharing), generated with kicad-footprint-generator")
    (tags capacitor)
    (path /5F76931A/604352B7)
    (attr smd)
    (fp_text reference C10 (at 0 -1.651) (layer F.SilkS)
      (effects (font (size 1 1) (thickness 0.15)))
    )
    (fp_text value 100nF (at 0 1.65) (layer F.Fab)
      (effects (font (size 1 1) (thickness 0.15)))
    )
    (fp_line (start 1.68 0.95) (end -1.68 0.95) (layer F.CrtYd) (width 0.05))
    (fp_line (start 1.68 -0.95) (end 1.68 0.95) (layer F.CrtYd) (width 0.05))
    (fp_line (start -1.68 -0.95) (end 1.68 -0.95) (layer F.CrtYd) (width 0.05))
    (fp_line (start -1.68 0.95) (end -1.68 -0.95) (layer F.CrtYd) (width 0.05))
    (fp_line (start -0.258578 0.71) (end 0.258578 0.71) (layer F.SilkS) (width 0.12))
    (fp_line (start -0.258578 -0.71) (end 0.258578 -0.71) (layer F.SilkS) (width 0.12))
    (fp_line (start 1 0.6) (end -1 0.6) (layer F.Fab) (width 0.1))
    (fp_line (start 1 -0.6) (end 1 0.6) (layer F.Fab) (width 0.1))
    (fp_line (start -1 -0.6) (end 1 -0.6) (layer F.Fab) (width 0.1))
    (fp_line (start -1 0.6) (end -1 -0.6) (layer F.Fab) (width 0.1))
    (fp_text user %R (at 0 0) (layer F.Fab)
      (effects (font (size 0.5 0.5) (thickness 0.08)))
    )
    (pad 1 smd roundrect (at -0.9375 0) (size 0.975 1.4) (layers F.Cu F.Paste F.Mask) (roundrect_rratio 0.25)
      (net 11 ATM_RESET))
    (pad 2 smd roundrect (at 0.9375 0) (size 0.975 1.4) (layers F.Cu F.Paste F.Mask) (roundrect_rratio 0.25)
      (net 22 GND))
    (model ${KISYS3DMOD}/Capacitor_SMD.3dshapes/C_0805_2012Metric.wrl
